At time 1697184179.272657313
- Translation: [0.000, -0.000, 0.000]
- Rotation: in Quaternion [0.000, 0.000, -0.260, 0.966]
- Rotation: in RPY (radian) [0.000, 0.000, -0.525]
- Rotation: in RPY (degree) [0.000, 0.000, -30.103]
- Matrix:
  0.865  0.502  0.000  0.000
 -0.502  0.865 -0.000 -0.000
 -0.000  0.000  1.000  0.000
  0.000  0.000  0.000  1.000
At time 1697184180.280014603
- Translation: [0.000, -0.000, 0.000]
- Rotation: in Quaternion [0.000, 0.000, -0.260, 0.966]
- Rotation: in RPY (radian) [0.000, 0.000, -0.525]
- Rotation: in RPY (degree) [0.000, 0.000, -30.097]
- Matrix:
  0.865  0.501  0.000  0.000
 -0.501  0.865 -0.000 -0.000
 -0.000  0.000  1.000  0.000
  0.000  0.000  0.000  1.000
At time 1697184181.271420582
- Translation: [0.000, 0.000, 0.000]
- Rotation: in Quaternion [0.000, 0.000, -0.260, 0.966]
- Rotation: in RPY (radian) [0.000, 0.000, -0.525]
- Rotation: in RPY (degree) [0.000, 0.000, -30.092]
- Matrix:
  0.865  0.501  0.000  0.000
 -0.501  0.865 -0.000  0.000
 -0.000  0.000  1.000  0.000
  0.000  0.000  0.000  1.000
At time 1697184182.263594151
- Translation: [0.000, 0.000, 0.000]
- Rotation: in Quaternion [0.000, 0.000, -0.260, 0.966]
- Rotation: in RPY (radian) [0.000, 0.000, -0.525]
- Rotation: in RPY (degree) [0.000, 0.000, -30.092]
- Matrix:
  0.865  0.501  0.000  0.000
 -0.501  0.865 -0.000  0.000
 -0.000  0.000  1.000  0.000
  0.000  0.000  0.000  1.000
At time 1697184183.272219597
- Translation: [0.000, 0.000, 0.000]
- Rotation: in Quaternion [0.000, 0.000, -0.260, 0.966]
- Rotation: in RPY (radian) [0.000, 0.000, -0.525]
- Rotation: in RPY (degree) [0.000, 0.000, -30.092]
- Matrix:
  0.865  0.501  0.000  0.000
 -0.501  0.865 -0.000  0.000
 -0.000  0.000  1.000  0.000
  0.000  0.000  0.000  1.000
At time 1697184184.279893064
- Translation: [0.000, 0.000, 0.000]
- Rotation: in Quaternion [0.000, 0.000, -0.260, 0.966]
- Rotation: in RPY (radian) [0.000, 0.000, -0.525]
- Rotation: in RPY (degree) [0.000, 0.000, -30.092]
- Matrix:
  0.865  0.501  0.000  0.000
 -0.501  0.865 -0.000  0.000
 -0.000  0.000  1.000  0.000
  0.000  0.000  0.000  1.000
At time 1697184185.272340674
- Translation: [0.000, 0.000, 0.000]
- Rotation: in Quaternion [0.000, 0.000, -0.260, 0.966]
- Rotation: in RPY (radian) [0.000, 0.000, -0.525]
- Rotation: in RPY (degree) [0.000, 0.000, -30.092]
- Matrix:
  0.865  0.501  0.000  0.000
 -0.501  0.865 -0.000  0.000
 -0.000  0.000  1.000  0.000
  0.000  0.000  0.000  1.000
At time 1697184186.280058274
- Translation: [0.000, 0.000, 0.000]
- Rotation: in Quaternion [0.000, 0.000, -0.260, 0.966]
- Rotation: in RPY (radian) [0.000, 0.000, -0.525]
- Rotation: in RPY (degree) [0.000, 0.000, -30.092]
- Matrix:
  0.865  0.501  0.000  0.000
 -0.501  0.865 -0.000  0.000
 -0.000  0.000  1.000  0.000
  0.000  0.000  0.000  1.000
At time 1697184187.272076161
- Translation: [0.000, 0.000, 0.000]
- Rotation: in Quaternion [0.000, 0.000, -0.260, 0.966]
- Rotation: in RPY (radian) [0.000, 0.000, -0.525]
- Rotation: in RPY (degree) [0.000, 0.000, -30.092]
- Matrix:
  0.865  0.501  0.000  0.000
 -0.501  0.865 -0.000  0.000
 -0.000  0.000  1.000  0.000
  0.000  0.000  0.000  1.000
At time 1697184188.280278090
- Translation: [0.000, 0.000, 0.000]
- Rotation: in Quaternion [0.000, 0.000, -0.260, 0.966]
- Rotation: in RPY (radian) [0.000, 0.000, -0.525]
- Rotation: in RPY (degree) [0.000, 0.000, -30.092]
- Matrix:
  0.865  0.501  0.000  0.000
 -0.501  0.865 -0.000  0.000
 -0.000  0.000  1.000  0.000
  0.000  0.000  0.000  1.000
At time 1697184189.272745300
- Translation: [0.000, 0.000, 0.000]
- Rotation: in Quaternion [0.000, 0.000, -0.260, 0.966]
- Rotation: in RPY (radian) [0.000, 0.000, -0.525]
- Rotation: in RPY (degree) [0.000, 0.000, -30.092]
- Matrix:
  0.865  0.501  0.000  0.000
 -0.501  0.865 -0.000  0.000
 -0.000  0.000  1.000  0.000
  0.000  0.000  0.000  1.000
At time 1697184190.280319939
- Translation: [0.000, 0.000, 0.000]
- Rotation: in Quaternion [0.000, 0.000, -0.260, 0.966]
- Rotation: in RPY (radian) [0.000, 0.000, -0.525]
- Rotation: in RPY (degree) [0.000, 0.000, -30.092]
- Matrix:
  0.865  0.501  0.000  0.000
 -0.501  0.865 -0.000  0.000
 -0.000  0.000  1.000  0.000
  0.000  0.000  0.000  1.000
At time 1697184191.272061669
- Translation: [0.000, 0.000, 0.000]
- Rotation: in Quaternion [0.000, 0.000, -0.446, 0.895]
- Rotation: in RPY (radian) [0.000, 0.000, -0.925]
- Rotation: in RPY (degree) [0.000, 0.000, -53.010]
- Matrix:
  0.602  0.799  0.000  0.000
 -0.799  0.602 -0.000  0.000
 -0.000  0.000  1.000  0.000
  0.000  0.000  0.000  1.000
At time 1697184192.264636013
- Translation: [-0.052, -0.218, 0.000]
- Rotation: in Quaternion [0.000, 0.000, -0.785, 0.620]
- Rotation: in RPY (radian) [0.000, 0.000, -1.805]
- Rotation: in RPY (degree) [0.000, 0.000, -103.431]
- Matrix:
 -0.232  0.973  0.000 -0.052
 -0.973 -0.232 -0.000 -0.218
 -0.000  0.000  1.000  0.000
  0.000  0.000  0.000  1.000
At time 1697184193.272704149
- Translation: [0.594, -1.575, 0.000]
- Rotation: in Quaternion [0.000, 0.000, -0.659, 0.752]
- Rotation: in RPY (radian) [0.000, 0.000, -1.439]
- Rotation: in RPY (degree) [0.000, 0.000, -82.468]
- Matrix:
  0.131  0.991  0.000  0.594
 -0.991  0.131 -0.000 -1.575
 -0.000  0.000  1.000  0.000
  0.000  0.000  0.000  1.000
At time 1697184194.264160978
- Translation: [1.386, -0.548, 0.000]
- Rotation: in Quaternion [0.000, 0.000, -0.446, 0.895]
- Rotation: in RPY (radian) [0.000, 0.000, -0.924]
- Rotation: in RPY (degree) [0.000, 0.000, -52.936]
- Matrix:
  0.603  0.798  0.000  1.386
 -0.798  0.603 -0.000 -0.548
 -0.000  0.000  1.000  0.000
  0.000  0.000  0.000  1.000
At time 1697184195.272500783
- Translation: [1.572, -0.908, 0.000]
- Rotation: in Quaternion [0.000, 0.000, -0.490, 0.872]
- Rotation: in RPY (radian) [0.000, 0.000, -1.024]
- Rotation: in RPY (degree) [0.000, 0.000, -58.649]
- Matrix:
  0.520  0.854  0.000  1.572
 -0.854  0.520 -0.000 -0.908
 -0.000  0.000  1.000  0.000
  0.000  0.000  0.000  1.000
At time 1697184196.264144108
- Translation: [2.227, -0.887, 0.000]
- Rotation: in Quaternion [0.000, 0.000, -0.229, 0.973]
- Rotation: in RPY (radian) [0.000, 0.000, -0.462]
- Rotation: in RPY (degree) [0.000, 0.000, -26.476]
- Matrix:
  0.895  0.446  0.000  2.227
 -0.446  0.895 -0.000 -0.887
 -0.000  0.000  1.000  0.000
  0.000  0.000  0.000  1.000
At time 1697184197.271883724
- Translation: [2.434, -0.501, 0.000]
- Rotation: in Quaternion [0.000, 0.000, -0.169, 0.986]
- Rotation: in RPY (radian) [0.000, 0.000, -0.339]
- Rotation: in RPY (degree) [0.000, 0.000, -19.428]
- Matrix:
  0.943  0.333  0.000  2.434
 -0.333  0.943 -0.000 -0.501
 -0.000  0.000  1.000  0.000
  0.000  0.000  0.000  1.000
At time 1697184198.264248298
- Translation: [2.441, -0.337, 0.000]
- Rotation: in Quaternion [0.000, 0.000, -0.275, 0.961]
- Rotation: in RPY (radian) [0.000, 0.000, -0.558]
- Rotation: in RPY (degree) [0.000, 0.000, -31.954]
- Matrix:
  0.848  0.529  0.000  2.441
 -0.529  0.848 -0.000 -0.337
 -0.000  0.000  1.000  0.000
  0.000  0.000  0.000  1.000
At time 1697184199.272793676
- Translation: [2.278, -0.839, 0.000]
- Rotation: in Quaternion [0.000, 0.000, -0.312, 0.950]
- Rotation: in RPY (radian) [0.000, 0.000, -0.634]
- Rotation: in RPY (degree) [0.000, 0.000, -36.301]
- Matrix:
  0.806  0.592  0.000  2.278
 -0.592  0.806 -0.000 -0.839
 -0.000  0.000  1.000  0.000
  0.000  0.000  0.000  1.000
At time 1697184200.264415468
- Translation: [3.108, -0.912, 0.000]
- Rotation: in Quaternion [0.000, 0.000, -0.162, 0.987]
- Rotation: in RPY (radian) [0.000, 0.000, -0.325]
- Rotation: in RPY (degree) [0.000, 0.000, -18.614]
- Matrix:
  0.948  0.319  0.000  3.108
 -0.319  0.948 -0.000 -0.912
 -0.000  0.000  1.000  0.000
  0.000  0.000  0.000  1.000
At time 1697184201.272696557
- Translation: [3.253, -0.327, 0.000]
- Rotation: in Quaternion [0.000, 0.000, -0.054, 0.999]
- Rotation: in RPY (radian) [0.000, 0.000, -0.107]
- Rotation: in RPY (degree) [0.000, 0.000, -6.141]
- Matrix:
  0.994  0.107  0.000  3.253
 -0.107  0.994 -0.000 -0.327
 -0.000  0.000  1.000  0.000
  0.000  0.000  0.000  1.000
At time 1697184202.280116567
- Translation: [2.099, -0.424, 0.000]
- Rotation: in Quaternion [0.000, 0.000, -0.371, 0.929]
- Rotation: in RPY (radian) [0.000, 0.000, -0.759]
- Rotation: in RPY (degree) [0.000, 0.000, -43.497]
- Matrix:
  0.725  0.688  0.000  2.099
 -0.688  0.725 -0.000 -0.424
 -0.000  0.000  1.000  0.000
  0.000  0.000  0.000  1.000
At time 1697184203.272340093
- Translation: [2.200, -0.925, 0.000]
- Rotation: in Quaternion [0.000, 0.000, -0.415, 0.910]
- Rotation: in RPY (radian) [0.000, 0.000, -0.855]
- Rotation: in RPY (degree) [0.000, 0.000, -48.979]
- Matrix:
  0.656  0.754  0.000  2.200
 -0.754  0.656 -0.000 -0.925
 -0.000  0.000  1.000  0.000
  0.000  0.000  0.000  1.000
At time 1697184204.264705725
- Translation: [1.533, -0.818, 0.000]
- Rotation: in Quaternion [0.000, 0.000, -0.540, 0.842]
- Rotation: in RPY (radian) [0.000, 0.000, -1.140]
- Rotation: in RPY (degree) [0.000, 0.000, -65.340]
- Matrix:
  0.417  0.909  0.000  1.533
 -0.909  0.417 -0.000 -0.818
 -0.000  0.000  1.000  0.000
  0.000  0.000  0.000  1.000
At time 1697184205.272652719
- Translation: [1.838, -1.296, 0.000]
- Rotation: in Quaternion [0.000, 0.000, -0.361, 0.933]
- Rotation: in RPY (radian) [0.000, 0.000, -0.739]
- Rotation: in RPY (degree) [0.000, 0.000, -42.334]
- Matrix:
  0.739  0.673  0.000  1.838
 -0.673  0.739 -0.000 -1.296
 -0.000  0.000  1.000  0.000
  0.000  0.000  0.000  1.000
At time 1697184206.264792070
- Translation: [1.224, -0.327, 0.000]
- Rotation: in Quaternion [0.000, 0.000, -0.070, 0.998]
- Rotation: in RPY (radian) [0.000, 0.000, -0.141]
- Rotation: in RPY (degree) [0.000, 0.000, -8.051]
- Matrix:
  0.990  0.140  0.000  1.224
 -0.140  0.990 -0.000 -0.327
 -0.000  0.000  1.000  0.000
  0.000  0.000  0.000  1.000
At time 1697184207.271793855
- Translation: [1.329, -0.382, 0.000]
- Rotation: in Quaternion [0.000, 0.000, -0.205, 0.979]
- Rotation: in RPY (radian) [0.000, 0.000, -0.413]
- Rotation: in RPY (degree) [0.000, 0.000, -23.687]
- Matrix:
  0.916  0.402  0.000  1.329
 -0.402  0.916 -0.000 -0.382
 -0.000  0.000  1.000  0.000
  0.000  0.000  0.000  1.000
At time 1697184208.264454360
- Translation: [1.539, -0.325, 0.000]
- Rotation: in Quaternion [0.000, 0.000, -0.399, 0.917]
- Rotation: in RPY (radian) [0.000, 0.000, -0.822]
- Rotation: in RPY (degree) [0.000, 0.000, -47.080]
- Matrix:
  0.681  0.732  0.000  1.539
 -0.732  0.681 -0.000 -0.325
 -0.000  0.000  1.000  0.000
  0.000  0.000  0.000  1.000
At time 1697184209.272427367
- Translation: [1.852, -0.834, 0.000]
- Rotation: in Quaternion [0.000, 0.000, -0.302, 0.953]
- Rotation: in RPY (radian) [0.000, 0.000, -0.615]
- Rotation: in RPY (degree) [0.000, 0.000, -35.213]
- Matrix:
  0.817  0.577  0.000  1.852
 -0.577  0.817 -0.000 -0.834
 -0.000  0.000  1.000  0.000
  0.000  0.000  0.000  1.000
At time 1697184210.264539860
- Translation: [1.711, -0.412, 0.000]
- Rotation: in Quaternion [0.000, 0.000, -0.375, 0.927]
- Rotation: in RPY (radian) [0.000, 0.000, -0.768]
- Rotation: in RPY (degree) [0.000, 0.000, -44.014]
- Matrix:
  0.719  0.695  0.000  1.711
 -0.695  0.719 -0.000 -0.412
 -0.000  0.000  1.000  0.000
  0.000  0.000  0.000  1.000
At time 1697184211.272562752
- Translation: [2.244, -0.951, 0.000]
- Rotation: in Quaternion [0.000, 0.000, -0.270, 0.963]
- Rotation: in RPY (radian) [0.000, 0.000, -0.547]
- Rotation: in RPY (degree) [0.000, 0.000, -31.366]
- Matrix:
  0.854  0.521  0.000  2.244
 -0.521  0.854 -0.000 -0.951
 -0.000  0.000  1.000  0.000
  0.000  0.000  0.000  1.000
At time 1697184212.264331057
- Translation: [1.675, -0.330, 0.000]
- Rotation: in Quaternion [0.000, 0.000, -0.177, 0.984]
- Rotation: in RPY (radian) [0.000, 0.000, -0.355]
- Rotation: in RPY (degree) [0.000, 0.000, -20.347]
- Matrix:
  0.938  0.348  0.000  1.675
 -0.348  0.938 -0.000 -0.330
 -0.000  0.000  1.000  0.000
  0.000  0.000  0.000  1.000
At time 1697184213.272643115
- Translation: [2.605, -0.357, 0.000]
- Rotation: in Quaternion [0.000, 0.000, -0.072, 0.997]
- Rotation: in RPY (radian) [0.000, 0.000, -0.145]
- Rotation: in RPY (degree) [0.000, 0.000, -8.297]
- Matrix:
  0.990  0.144  0.000  2.605
 -0.144  0.990 -0.000 -0.357
 -0.000  0.000  1.000  0.000
  0.000  0.000  0.000  1.000
At time 1697184214.264890292
- Translation: [1.544, -0.080, 0.000]
- Rotation: in Quaternion [0.000, 0.000, -0.008, 1.000]
- Rotation: in RPY (radian) [0.000, 0.000, -0.016]
- Rotation: in RPY (degree) [0.000, 0.000, -0.924]
- Matrix:
  1.000  0.016  0.000  1.544
 -0.016  1.000 -0.000 -0.080
 -0.000  0.000  1.000  0.000
  0.000  0.000  0.000  1.000
At time 1697184215.272168395
- Translation: [0.765, -0.019, 0.000]
- Rotation: in Quaternion [0.000, 0.000, 0.018, 1.000]
- Rotation: in RPY (radian) [0.000, -0.000, 0.036]
- Rotation: in RPY (degree) [0.000, -0.000, 2.073]
- Matrix:
  0.999 -0.036  0.000  0.765
  0.036  0.999  0.000 -0.019
  0.000  0.000  1.000  0.000
  0.000  0.000  0.000  1.000
At time 1697184216.280241587
- Translation: [0.377, -0.005, 0.000]
- Rotation: in Quaternion [0.000, 0.000, 0.031, 1.000]
- Rotation: in RPY (radian) [0.000, -0.000, 0.062]
- Rotation: in RPY (degree) [0.000, -0.000, 3.533]
- Matrix:
  0.998 -0.062  0.000  0.377
  0.062  0.998  0.000 -0.005
  0.000  0.000  1.000  0.000
  0.000  0.000  0.000  1.000
At time 1697184217.272066752
- Translation: [0.188, -0.001, 0.000]
- Rotation: in Quaternion [0.000, 0.000, 0.037, 0.999]
- Rotation: in RPY (radian) [0.000, -0.000, 0.074]
- Rotation: in RPY (degree) [0.000, -0.000, 4.229]
- Matrix:
  0.997 -0.074  0.000  0.188
  0.074  0.997  0.000 -0.001
  0.000  0.000  1.000  0.000
  0.000  0.000  0.000  1.000
